860055	1013815	0.848335	cu02_p1r1A10
787395	1013815	0.776665	cu02_p1r1A11
804515	1013815	0.793552	cu02_p1r1A12
771065	1013815	0.760558	cu02_p1r1A13
904301	1013815	0.891978	cu02_p1r1A14
929712	1013815	0.917043	cu02_p1r1A15
895742	1013815	0.883536	cu02_p1r1A16
926642	1013815	0.914015	cu02_p1r1A17
890296	1013815	0.878164	cu02_p1r1A18
871730	1013815	0.859851	cu02_p1r1A19
904609	1013815	0.892282	cu02_p1r1A1
866707	1013815	0.854897	cu02_p1r1A20
871505	1013815	0.859629	cu02_p1r1A21
910192	1013815	0.897789	cu02_p1r1A22
891354	1013815	0.879208	cu02_p1r1A23
909228	1013815	0.896838	cu02_p1r1A24
906980	1013815	0.894621	cu02_p1r1A2
873373	1013815	0.861472	cu02_p1r1A3
896532	1013815	0.884315	cu02_p1r1A4
866506	1013815	0.854698	cu02_p1r1A5
860611	1013815	0.848884	cu02_p1r1A6
840604	1013815	0.829149	cu02_p1r1A7
869936	1013815	0.858082	cu02_p1r1A8
861381	1013815	0.849643	cu02_p1r1A9
917345	1013815	0.904845	cu02_p1r1B10
921229	1013815	0.908676	cu02_p1r1B11
914088	1013815	0.901632	cu02_p1r1B12
788058	1013815	0.777319	cu02_p1r1B13
798757	1013815	0.787873	cu02_p1r1B14
879519	1013815	0.867534	cu02_p1r1B15
831704	1013815	0.820371	cu02_p1r1B16
879729	1013815	0.867741	cu02_p1r1B17
917702	1013815	0.905197	cu02_p1r1B18
905830	1013815	0.893486	cu02_p1r1B1
909298	1013815	0.896907	cu02_p1r1B20
936417	1013815	0.923657	cu02_p1r1B21
773558	1013815	0.763017	cu02_p1r1B22
905797	1013815	0.893454	cu02_p1r1B23
915007	1013815	0.902538	cu02_p1r1B24
876358	1013815	0.864416	cu02_p1r1B2
794427	1013815	0.783602	cu02_p1r1B3
903817	1013815	0.891501	cu02_p1r1B4
843342	1013815	0.83185	cu02_p1r1B5
890305	1013815	0.878173	cu02_p1r1B6
920126	1013815	0.907588	cu02_p1r1B7
871172	1013815	0.859301	cu02_p1r1B8
880174	1013815	0.86818	cu02_p1r1B9
877747	1013815	0.865786	cu02_p1r1C10
760334	1013815	0.749973	cu02_p1r1C11
895802	1013815	0.883595	cu02_p1r1C12
897168	1013815	0.884943	cu02_p1r1C13
889539	1013815	0.877417	cu02_p1r1C14
917775	1013815	0.905269	cu02_p1r1C15
905219	1013815	0.892884	cu02_p1r1C16
860432	1013815	0.848707	cu02_p1r1C17
850487	1013815	0.838898	cu02_p1r1C18
921576	1013815	0.909018	cu02_p1r1C19
927826	1013815	0.915183	cu02_p1r1C1
736463	1013815	0.726427	cu02_p1r1C20
746449	1013815	0.736277	cu02_p1r1C21
935479	1013815	0.922731	cu02_p1r1C22
911605	1013815	0.899183	cu02_p1r1C23
914223	1013815	0.901765	cu02_p1r1C24
944173	1013815	0.931307	cu02_p1r1C2
811640	1013815	0.80058	cu02_p1r1C3
938966	1013815	0.926171	cu02_p1r1C4
934918	1013815	0.922178	cu02_p1r1C5
778220	1013815	0.767615	cu02_p1r1C6
915491	1013815	0.903016	cu02_p1r1C7
934326	1013815	0.921594	cu02_p1r1C8
908704	1013815	0.896321	cu02_p1r1C9
734778	1013815	0.724765	cu02_p1r1D10
895428	1013815	0.883226	cu02_p1r1D11
804880	1013815	0.793912	cu02_p1r1D12
920308	1013815	0.907767	cu02_p1r1D13
892671	1013815	0.880507	cu02_p1r1D15
804672	1013815	0.793707	cu02_p1r1D17
895945	1013815	0.883736	cu02_p1r1D18
900184	1013815	0.887917	cu02_p1r1D19
925154	1013815	0.912547	cu02_p1r1D1
939172	1013815	0.926374	cu02_p1r1D20
934427	1013815	0.921694	cu02_p1r1D21
773776	1013815	0.763232	cu02_p1r1D22
883489	1013815	0.87145	cu02_p1r1D23
873817	1013815	0.86191	cu02_p1r1D24
810382	1013815	0.799339	cu02_p1r1D2
843212	1013815	0.831722	cu02_p1r1D3
920195	1013815	0.907656	cu02_p1r1D4
928574	1013815	0.915921	cu02_p1r1D5
927547	1013815	0.914908	cu02_p1r1D7
745428	1013815	0.73527	cu02_p1r1D8
870957	1013815	0.859089	cu02_p1r1D9
771803	1013815	0.761286	cu02_p1r2E10
900297	1013815	0.888029	cu02_p1r2E11
875680	1013815	0.863747	cu02_p1r2E12
785915	1013815	0.775206	cu02_p1r2E13
776769	1013815	0.766184	cu02_p1r2E14
882792	1013815	0.870762	cu02_p1r2E15
946268	1013815	0.933373	cu02_p1r2E16
823521	1013815	0.812299	cu02_p1r2E17
873621	1013815	0.861716	cu02_p1r2E18
907418	1013815	0.895053	cu02_p1r2E19
813748	1013815	0.802659	cu02_p1r2E1
835341	1013815	0.823958	cu02_p1r2E20
933385	1013815	0.920666	cu02_p1r2E21
949935	1013815	0.93699	cu02_p1r2E22
938292	1013815	0.925506	cu02_p1r2E23
709832	1013815	0.700159	cu02_p1r2E24
913768	1013815	0.901316	cu02_p1r2E3
881211	1013815	0.869203	cu02_p1r2E4
893853	1013815	0.881673	cu02_p1r2E5
865557	1013815	0.853762	cu02_p1r2E6
873695	1013815	0.861789	cu02_p1r2E7
872340	1013815	0.860453	cu02_p1r2E8
786292	1013815	0.775577	cu02_p1r2E9
730398	1013815	0.720445	cu02_p1r2F10
887099	1013815	0.875011	cu02_p1r2F11
801097	1013815	0.790181	cu02_p1r2F13
795810	1013815	0.784966	cu02_p1r2F14
940762	1013815	0.927942	cu02_p1r2F15
822120	1013815	0.810917	cu02_p1r2F16
855842	1013815	0.84418	cu02_p1r2F17
872228	1013815	0.860342	cu02_p1r2F18
892826	1013815	0.88066	cu02_p1r2F19
931706	1013815	0.91901	cu02_p1r2F1
875315	1013815	0.863387	cu02_p1r2F20
752663	1013815	0.742407	cu02_p1r2F21
824249	1013815	0.813017	cu02_p1r2F22
776472	1013815	0.765891	cu02_p1r2F23
944025	1013815	0.931161	cu02_p1r2F24
919563	1013815	0.907032	cu02_p1r2F2
879191	1013815	0.86721	cu02_p1r2F4
879133	1013815	0.867153	cu02_p1r2F5
877334	1013815	0.865379	cu02_p1r2F6
853162	1013815	0.841536	cu02_p1r2F7
826266	1013815	0.815007	cu02_p1r2F8
876952	1013815	0.865002	cu02_p1r2F9
760079	1013815	0.749722	cu02_p1r2G10
883142	1013815	0.871108	cu02_p1r2G11
912549	1013815	0.900114	cu02_p1r2G12
902029	1013815	0.889737	cu02_p1r2G13
810908	1013815	0.799858	cu02_p1r2G14
705613	1013815	0.695998	cu02_p1r2G15
866714	1013815	0.854904	cu02_p1r2G17
887894	1013815	0.875795	cu02_p1r2G18
891608	1013815	0.879458	cu02_p1r2G19
873070	1013815	0.861173	cu02_p1r2G1
853651	1013815	0.842019	cu02_p1r2G20
926536	1013815	0.91391	cu02_p1r2G22
960191	1013815	0.947107	cu02_p1r2G23
950777	1013815	0.937821	cu02_p1r2G24
876046	1013815	0.864108	cu02_p1r2G2
820100	1013815	0.808925	cu02_p1r2G3
891488	1013815	0.87934	cu02_p1r2G5
858982	1013815	0.847277	cu02_p1r2G6
912184	1013815	0.899754	cu02_p1r2G7
844162	1013815	0.832659	cu02_p1r2G8
874473	1013815	0.862557	cu02_p1r2G9
905631	1013815	0.89329	cu02_p1r2H10
773797	1013815	0.763253	cu02_p1r2H11
871132	1013815	0.859261	cu02_p1r2H12
831466	1013815	0.820136	cu02_p1r2H13
891544	1013815	0.879395	cu02_p1r2H14
736598	1013815	0.726561	cu02_p1r2H15
858776	1013815	0.847074	cu02_p1r2H16
880323	1013815	0.868327	cu02_p1r2H17
834129	1013815	0.822763	cu02_p1r2H18
901064	1013815	0.888785	cu02_p1r2H19
892092	1013815	0.879936	cu02_p1r2H20
746295	1013815	0.736125	cu02_p1r2H22
842106	1013815	0.830631	cu02_p1r2H23
935741	1013815	0.92299	cu02_p1r2H24
846276	1013815	0.834744	cu02_p1r2H2
907869	1013815	0.895498	cu02_p1r2H3
920384	1013815	0.907842	cu02_p1r2H4
759464	1013815	0.749115	cu02_p1r2H5
916815	1013815	0.904322	cu02_p1r2H6
732108	1013815	0.722132	cu02_p1r2H7
903553	1013815	0.891241	cu02_p1r2H8
772873	1013815	0.762341	cu02_p1r2H9
857236	1013815	0.845555	cu02_p1r3I10
893766	1013815	0.881587	cu02_p1r3I11
933700	1013815	0.920977	cu02_p1r3I12
896581	1013815	0.884364	cu02_p1r3I13
934654	1013815	0.921918	cu02_p1r3I14
848502	1013815	0.83694	cu02_p1r3I15
917538	1013815	0.905035	cu02_p1r3I16
918649	1013815	0.906131	cu02_p1r3I17
898090	1013815	0.885852	cu02_p1r3I18
859777	1013815	0.848061	cu02_p1r3I19
906044	1013815	0.893698	cu02_p1r3I1
929526	1013815	0.91686	cu02_p1r3I20
730582	1013815	0.720627	cu02_p1r3I21
750144	1013815	0.739922	cu02_p1r3I22
893350	1013815	0.881177	cu02_p1r3I23
779782	1013815	0.769156	cu02_p1r3I24
913282	1013815	0.900837	cu02_p1r3I2
840408	1013815	0.828956	cu02_p1r3I3
851959	1013815	0.84035	cu02_p1r3I4
839048	1013815	0.827615	cu02_p1r3I5
888631	1013815	0.876522	cu02_p1r3I6
915096	1013815	0.902626	cu02_p1r3I7
709803	1013815	0.700131	cu02_p1r3I8
702121	1013815	0.692553	cu02_p1r3J10
919344	1013815	0.906816	cu02_p1r3J11
758997	1013815	0.748654	cu02_p1r3J12
793243	1013815	0.782434	cu02_p1r3J13
864874	1013815	0.853089	cu02_p1r3J14
923887	1013815	0.911297	cu02_p1r3J15
681486	1013815	0.6722	cu02_p1r3J17
802336	1013815	0.791403	cu02_p1r3J18
925167	1013815	0.91256	cu02_p1r3J19
946505	1013815	0.933607	cu02_p1r3J1
700164	1013815	0.690623	cu02_p1r3J20
923559	1013815	0.910974	cu02_p1r3J21
782313	1013815	0.771653	cu02_p1r3J22
933616	1013815	0.920894	cu02_p1r3J23
893228	1013815	0.881056	cu02_p1r3J24
931319	1013815	0.918628	cu02_p1r3J2
915005	1013815	0.902536	cu02_p1r3J3
889585	1013815	0.877463	cu02_p1r3J4
910449	1013815	0.898043	cu02_p1r3J5
782602	1013815	0.771938	cu02_p1r3J7
907928	1013815	0.895556	cu02_p1r3J8
882259	1013815	0.870237	cu02_p1r3J9
880014	1013815	0.868022	cu02_p1r3K10
854920	1013815	0.84327	cu02_p1r3K11
716000	1013815	0.706243	cu02_p1r3K12
757419	1013815	0.747098	cu02_p1r3K13
866912	1013815	0.855099	cu02_p1r3K14
891535	1013815	0.879386	cu02_p1r3K15
887616	1013815	0.875521	cu02_p1r3K16
889097	1013815	0.876982	cu02_p1r3K17
916110	1013815	0.903626	cu02_p1r3K18
895418	1013815	0.883216	cu02_p1r3K19
864759	1013815	0.852975	cu02_p1r3K1
871385	1013815	0.859511	cu02_p1r3K20
872720	1013815	0.860828	cu02_p1r3K21
936651	1013815	0.923887	cu02_p1r3K22
753364	1013815	0.743098	cu02_p1r3K23
914584	1013815	0.902121	cu02_p1r3K24
921240	1013815	0.908686	cu02_p1r3K2
813393	1013815	0.802309	cu02_p1r3K3
915375	1013815	0.902901	cu02_p1r3K4
720699	1013815	0.710878	cu02_p1r3K5
912839	1013815	0.9004	cu02_p1r3K6
726056	1013815	0.716162	cu02_p1r3K7
934249	1013815	0.921518	cu02_p1r3K8
893253	1013815	0.881081	cu02_p1r3K9
907687	1013815	0.895318	cu02_p1r3L10
940979	1013815	0.928157	cu02_p1r3L11
707956	1013815	0.698309	cu02_p1r3L12
949877	1013815	0.936933	cu02_p1r3L13
899675	1013815	0.887415	cu02_p1r3L14
942539	1013815	0.929695	cu02_p1r3L15
888459	1013815	0.876352	cu02_p1r3L16
927967	1013815	0.915322	cu02_p1r3L18
903908	1013815	0.891591	cu02_p1r3L19
748601	1013815	0.7384	cu02_p1r3L1
871425	1013815	0.85955	cu02_p1r3L20
916675	1013815	0.904184	cu02_p1r3L21
829217	1013815	0.817917	cu02_p1r3L22
909190	1013815	0.896801	cu02_p1r3L23
894070	1013815	0.881887	cu02_p1r3L24
842415	1013815	0.830936	cu02_p1r3L2
876409	1013815	0.864466	cu02_p1r3L3
903851	1013815	0.891534	cu02_p1r3L4
905185	1013815	0.89285	cu02_p1r3L5
891457	1013815	0.879309	cu02_p1r3L6
953547	1013815	0.940553	cu02_p1r3L7
855424	1013815	0.843767	cu02_p1r3L8
938430	1013815	0.925642	cu02_p1r3L9
883495	1013815	0.871456	cu02_p1r4M10
915242	1013815	0.90277	cu02_p1r4M12
734029	1013815	0.724027	cu02_p1r4M13
874611	1013815	0.862693	cu02_p1r4M14
865467	1013815	0.853674	cu02_p1r4M15
910987	1013815	0.898573	cu02_p1r4M16
877345	1013815	0.86539	cu02_p1r4M17
898749	1013815	0.886502	cu02_p1r4M18
874478	1013815	0.862562	cu02_p1r4M19
916345	1013815	0.903858	cu02_p1r4M20
878096	1013815	0.86613	cu02_p1r4M21
933660	1013815	0.920937	cu02_p1r4M22
730975	1013815	0.721014	cu02_p1r4M23
939389	1013815	0.926588	cu02_p1r4M2
931956	1013815	0.919256	cu02_p1r4M3
924595	1013815	0.911996	cu02_p1r4M4
821145	1013815	0.809955	cu02_p1r4M5
909722	1013815	0.897325	cu02_p1r4M6
766445	1013815	0.756001	cu02_p1r4M7
900666	1013815	0.888393	cu02_p1r4M8
895227	1013815	0.883028	cu02_p1r4M9
761745	1013815	0.751365	cu02_p1r4N10
826448	1013815	0.815186	cu02_p1r4N11
929373	1013815	0.916709	cu02_p1r4N12
885565	1013815	0.873498	cu02_p1r4N13
879170	1013815	0.86719	cu02_p1r4N15
932679	1013815	0.91997	cu02_p1r4N16
917477	1013815	0.904975	cu02_p1r4N17
887663	1013815	0.875567	cu02_p1r4N18
862661	1013815	0.850906	cu02_p1r4N19
942662	1013815	0.929817	cu02_p1r4N1
738447	1013815	0.728384	cu02_p1r4N20
685906	1013815	0.676559	cu02_p1r4N21
938276	1013815	0.92549	cu02_p1r4N22
830124	1013815	0.818812	cu02_p1r4N23
879039	1013815	0.867061	cu02_p1r4N2
862970	1013815	0.851211	cu02_p1r4N3
940431	1013815	0.927616	cu02_p1r4N4
903024	1013815	0.890719	cu02_p1r4N5
907582	1013815	0.895215	cu02_p1r4N6
903462	1013815	0.891151	cu02_p1r4N7
807006	1013815	0.796009	cu02_p1r4N8
828451	1013815	0.817162	cu02_p1r4N9
874395	1013815	0.86248	cu02_p1r4O10
915635	1013815	0.903158	cu02_p1r4O11
857137	1013815	0.845457	cu02_p1r4O12
912487	1013815	0.900053	cu02_p1r4O13
926423	1013815	0.913799	cu02_p1r4O14
708031	1013815	0.698383	cu02_p1r4O15
921604	1013815	0.909046	cu02_p1r4O16
941212	1013815	0.928386	cu02_p1r4O17
865355	1013815	0.853563	cu02_p1r4O18
824368	1013815	0.813135	cu02_p1r4O19
787089	1013815	0.776364	cu02_p1r4O1
898147	1013815	0.885908	cu02_p1r4O20
739036	1013815	0.728965	cu02_p1r4O21
930783	1013815	0.918099	cu02_p1r4O22
901962	1013815	0.889671	cu02_p1r4O23
942192	1013815	0.929353	cu02_p1r4O2
862198	1013815	0.850449	cu02_p1r4O3
855027	1013815	0.843376	cu02_p1r4O4
893749	1013815	0.88157	cu02_p1r4O5
901369	1013815	0.889086	cu02_p1r4O6
936584	1013815	0.923821	cu02_p1r4O7
899593	1013815	0.887334	cu02_p1r4O8
911581	1013815	0.899159	cu02_p1r4O9
932765	1013815	0.920054	cu02_p2r1A10
884241	1013815	0.872192	cu02_p2r1A11
913208	1013815	0.900764	cu02_p2r1A12
901063	1013815	0.888784	cu02_p2r1A13
912779	1013815	0.900341	cu02_p2r1A14
899677	1013815	0.887417	cu02_p2r1A15
933197	1013815	0.920481	cu02_p2r1A16
919521	1013815	0.906991	cu02_p2r1A17
810834	1013815	0.799785	cu02_p2r1A18
793582	1013815	0.782768	cu02_p2r1A19
896721	1013815	0.884502	cu02_p2r1A1
801152	1013815	0.790235	cu02_p2r1A20
857815	1013815	0.846126	cu02_p2r1A21
830492	1013815	0.819175	cu02_p2r1A22
934332	1013815	0.9216	cu02_p2r1A23
936996	1013815	0.924228	cu02_p2r1A24
924925	1013815	0.912321	cu02_p2r1A3
866139	1013815	0.854336	cu02_p2r1A4
789828	1013815	0.779065	cu02_p2r1A5
856598	1013815	0.844925	cu02_p2r1A6
928602	1013815	0.915948	cu02_p2r1A7
917223	1013815	0.904724	cu02_p2r1A8
927485	1013815	0.914846	cu02_p2r1A9
907518	1013815	0.895151	cu02_p2r1B10
927124	1013815	0.91449	cu02_p2r1B11
856915	1013815	0.845238	cu02_p2r1B12
902210	1013815	0.889916	cu02_p2r1B13
893317	1013815	0.881144	cu02_p2r1B14
944481	1013815	0.931611	cu02_p2r1B15
911793	1013815	0.899368	cu02_p2r1B16
927973	1013815	0.915328	cu02_p2r1B17
916074	1013815	0.903591	cu02_p2r1B18
911556	1013815	0.899134	cu02_p2r1B19
926512	1013815	0.913887	cu02_p2r1B1
911420	1013815	0.899	cu02_p2r1B20
941921	1013815	0.929086	cu02_p2r1B21
878986	1013815	0.867008	cu02_p2r1B22
958920	1013815	0.945853	cu02_p2r1B23
898453	1013815	0.88621	cu02_p2r1B2
909141	1013815	0.896752	cu02_p2r1B3
871274	1013815	0.859401	cu02_p2r1B4
872214	1013815	0.860329	cu02_p2r1B5
895632	1013815	0.883427	cu02_p2r1B6
901719	1013815	0.889432	cu02_p2r1B7
880412	1013815	0.868415	cu02_p2r1B8
900691	1013815	0.888418	cu02_p2r1B9
880794	1013815	0.868792	cu02_p2r1C10
855751	1013815	0.84409	cu02_p2r1C11
863451	1013815	0.851685	cu02_p2r1C12
858195	1013815	0.846501	cu02_p2r1C13
829400	1013815	0.818098	cu02_p2r1C14
923829	1013815	0.91124	cu02_p2r1C15
908120	1013815	0.895745	cu02_p2r1C16
850795	1013815	0.839201	cu02_p2r1C17
879272	1013815	0.86729	cu02_p2r1C18
879312	1013815	0.86733	cu02_p2r1C19
872998	1013815	0.861102	cu02_p2r1C1
882210	1013815	0.870188	cu02_p2r1C20
878226	1013815	0.866259	cu02_p2r1C21
956997	1013815	0.943956	cu02_p2r1C22
926411	1013815	0.913787	cu02_p2r1C23
894594	1013815	0.882404	cu02_p2r1C24
813304	1013815	0.802221	cu02_p2r1C2
880065	1013815	0.868073	cu02_p2r1C3
881286	1013815	0.869277	cu02_p2r1C4
880975	1013815	0.86897	cu02_p2r1C5
884784	1013815	0.872727	cu02_p2r1C6
940876	1013815	0.928055	cu02_p2r1C7
892746	1013815	0.880581	cu02_p2r1C8
900139	1013815	0.887873	cu02_p2r1C9
902435	1013815	0.890138	cu02_p2r1D10
884117	1013815	0.872069	cu02_p2r1D11
841009	1013815	0.829549	cu02_p2r1D12
798874	1013815	0.787988	cu02_p2r1D13
849940	1013815	0.838358	cu02_p2r1D14
913353	1013815	0.900907	cu02_p2r1D15
877411	1013815	0.865455	cu02_p2r1D16
885736	1013815	0.873666	cu02_p2r1D17
920249	1013815	0.907709	cu02_p2r1D18
912112	1013815	0.899683	cu02_p2r1D19
910168	1013815	0.897765	cu02_p2r1D1
926238	1013815	0.913616	cu02_p2r1D20
768255	1013815	0.757786	cu02_p2r1D21
950480	1013815	0.937528	cu02_p2r1D22
938561	1013815	0.925771	cu02_p2r1D23
941495	1013815	0.928665	cu02_p2r1D24
931237	1013815	0.918547	cu02_p2r1D2
884429	1013815	0.872377	cu02_p2r1D3
878646	1013815	0.866673	cu02_p2r1D4
869629	1013815	0.857779	cu02_p2r1D6
863974	1013815	0.852201	cu02_p2r1D7
892360	1013815	0.8802	cu02_p2r1D8
854913	1013815	0.843263	cu02_p2r1D9
925010	1013815	0.912405	cu02_p2r2E10
955834	1013815	0.942809	cu02_p2r2E11
937074	1013815	0.924305	cu02_p2r2E12
917761	1013815	0.905255	cu02_p2r2E13
926951	1013815	0.91432	cu02_p2r2E14
767242	1013815	0.756787	cu02_p2r2E15
956492	1013815	0.943458	cu02_p2r2E16
902278	1013815	0.889983	cu02_p2r2E17
841380	1013815	0.829915	cu02_p2r2E18
896686	1013815	0.884467	cu02_p2r2E19
902543	1013815	0.890244	cu02_p2r2E1
814044	1013815	0.802951	cu02_p2r2E20
884747	1013815	0.872691	cu02_p2r2E21
927604	1013815	0.914964	cu02_p2r2E22
877183	1013815	0.86523	cu02_p2r2E23
922940	1013815	0.910363	cu02_p2r2E24
916160	1013815	0.903676	cu02_p2r2E2
889372	1013815	0.877253	cu02_p2r2E3
927497	1013815	0.914858	cu02_p2r2E4
844922	1013815	0.833408	cu02_p2r2E5
898462	1013815	0.886219	cu02_p2r2E6
868199	1013815	0.856368	cu02_p2r2E7
906062	1013815	0.893715	cu02_p2r2E8
924963	1013815	0.912359	cu02_p2r2E9
924245	1013815	0.911651	cu02_p2r2F10
980928	1013815	0.967561	cu02_p2r2F11
941681	1013815	0.928849	cu02_p2r2F12
886128	1013815	0.874053	cu02_p2r2F13
947042	1013815	0.934137	cu02_p2r2F14
936301	1013815	0.923542	cu02_p2r2F15
946013	1013815	0.933122	cu02_p2r2F16
927592	1013815	0.914952	cu02_p2r2F17
923150	1013815	0.91057	cu02_p2r2F18
881360	1013815	0.86935	cu02_p2r2F19
905586	1013815	0.893246	cu02_p2r2F1
938485	1013815	0.925697	cu02_p2r2F20
928177	1013815	0.915529	cu02_p2r2F21
874455	1013815	0.862539	cu02_p2r2F22
823869	1013815	0.812642	cu02_p2r2F23
947420	1013815	0.93451	cu02_p2r2F24
926484	1013815	0.913859	cu02_p2r2F2
814522	1013815	0.803423	cu02_p2r2F4
882186	1013815	0.870165	cu02_p2r2F5
925896	1013815	0.913279	cu02_p2r2F6
934347	1013815	0.921615	cu02_p2r2F7
866444	1013815	0.854637	cu02_p2r2F8
880706	1013815	0.868705	cu02_p2r2F9
918988	1013815	0.906465	cu02_p2r2G10
939226	1013815	0.926427	cu02_p2r2G11
937913	1013815	0.925132	cu02_p2r2G12
938714	1013815	0.925922	cu02_p2r2G13
864398	1013815	0.852619	cu02_p2r2G14
800682	1013815	0.789771	cu02_p2r2G16
925945	1013815	0.913327	cu02_p2r2G17
909504	1013815	0.89711	cu02_p2r2G18
973432	1013815	0.960167	cu02_p2r2G19
891554	1013815	0.879405	cu02_p2r2G1
914059	1013815	0.901603	cu02_p2r2G20
950424	1013815	0.937473	cu02_p2r2G21
738635	1013815	0.72857	cu02_p2r2G22
832548	1013815	0.821203	cu02_p2r2G23
892706	1013815	0.880541	cu02_p2r2G24
938958	1013815	0.926163	cu02_p2r2G2
937633	1013815	0.924856	cu02_p2r2G3
765769	1013815	0.755334	cu02_p2r2G4
924632	1013815	0.912032	cu02_p2r2G5
940434	1013815	0.927619	cu02_p2r2G6
945820	1013815	0.932932	cu02_p2r2G7
943324	1013815	0.93047	cu02_p2r2G8
910523	1013815	0.898116	cu02_p2r2G9
864745	1013815	0.852961	cu02_p2r2H10
941016	1013815	0.928193	cu02_p2r2H11
916012	1013815	0.90353	cu02_p2r2H12
919404	1013815	0.906876	cu02_p2r2H13
927214	1013815	0.914579	cu02_p2r2H14
948289	1013815	0.935367	cu02_p2r2H15
933744	1013815	0.92102	cu02_p2r2H16
928537	1013815	0.915884	cu02_p2r2H17
934179	1013815	0.921449	cu02_p2r2H18
906916	1013815	0.894558	cu02_p2r2H19
923648	1013815	0.911062	cu02_p2r2H1
919108	1013815	0.906584	cu02_p2r2H20
874664	1013815	0.862745	cu02_p2r2H21
925974	1013815	0.913356	cu02_p2r2H22
889010	1013815	0.876896	cu02_p2r2H23
900986	1013815	0.888708	cu02_p2r2H24
920650	1013815	0.908105	cu02_p2r2H2
937851	1013815	0.925071	cu02_p2r2H3
927950	1013815	0.915305	cu02_p2r2H4
928429	1013815	0.915778	cu02_p2r2H5
914259	1013815	0.901801	cu02_p2r2H6
905054	1013815	0.892721	cu02_p2r2H7
916840	1013815	0.904346	cu02_p2r2H8
925710	1013815	0.913096	cu02_p2r2H9
949252	1013815	0.936317	cu02_p2r3I10
918318	1013815	0.905804	cu02_p2r3I11
944078	1013815	0.931213	cu02_p2r3I12
915508	1013815	0.903033	cu02_p2r3I13
947910	1013815	0.934993	cu02_p2r3I14
961680	1013815	0.948575	cu02_p2r3I16
935333	1013815	0.922587	cu02_p2r3I17
914020	1013815	0.901565	cu02_p2r3I18
910313	1013815	0.897908	cu02_p2r3I19
911481	1013815	0.89906	cu02_p2r3I1
923346	1013815	0.910764	cu02_p2r3I20
922844	1013815	0.910269	cu02_p2r3I21
937329	1013815	0.924556	cu02_p2r3I22
933137	1013815	0.920421	cu02_p2r3I23
719057	1013815	0.709259	cu02_p2r3I24
937146	1013815	0.924376	cu02_p2r3I2
957765	1013815	0.944714	cu02_p2r3I3
939150	1013815	0.926352	cu02_p2r3I4
915129	1013815	0.902659	cu02_p2r3I5
937798	1013815	0.925019	cu02_p2r3I6
877655	1013815	0.865695	cu02_p2r3I7
937921	1013815	0.92514	cu02_p2r3I8
939502	1013815	0.9267	cu02_p2r3I9
936152	1013815	0.923395	cu02_p2r3J10
973793	1013815	0.960523	cu02_p2r3J11
961132	1013815	0.948035	cu02_p2r3J12
917101	1013815	0.904604	cu02_p2r3J13
815336	1013815	0.804226	cu02_p2r3J14
968479	1013815	0.955282	cu02_p2r3J15
816964	1013815	0.805831	cu02_p2r3J16
926738	1013815	0.91411	cu02_p2r3J17
961416	1013815	0.948315	cu02_p2r3J18
953963	1013815	0.940964	cu02_p2r3J19
936573	1013815	0.923811	cu02_p2r3J1
952071	1013815	0.939097	cu02_p2r3J20
935769	1013815	0.923018	cu02_p2r3J21
925696	1013815	0.913082	cu02_p2r3J22
917307	1013815	0.904807	cu02_p2r3J23
800176	1013815	0.789272	cu02_p2r3J24
984961	1013815	0.971539	cu02_p2r3J2
943872	1013815	0.93101	cu02_p2r3J3
959103	1013815	0.946034	cu02_p2r3J4
930642	1013815	0.91796	cu02_p2r3J5
943805	1013815	0.930944	cu02_p2r3J6
984217	1013815	0.970805	cu02_p2r3J7
936784	1013815	0.924019	cu02_p2r3J8
944118	1013815	0.931253	cu02_p2r3J9
881155	1013815	0.869148	cu02_p2r3K10
974237	1013815	0.960961	cu02_p2r3K11
957430	1013815	0.944383	cu02_p2r3K12
772167	1013815	0.761645	cu02_p2r3K13
929288	1013815	0.916625	cu02_p2r3K14
968791	1013815	0.95559	cu02_p2r3K15
932840	1013815	0.920128	cu02_p2r3K16
944558	1013815	0.931687	cu02_p2r3K17
927776	1013815	0.915133	cu02_p2r3K18
907312	1013815	0.894948	cu02_p2r3K19
989190	1013815	0.975711	cu02_p2r3K1
951316	1013815	0.938353	cu02_p2r3K20
942198	1013815	0.929359	cu02_p2r3K21
954890	1013815	0.941878	cu02_p2r3K22
907097	1013815	0.894736	cu02_p2r3K23
969945	1013815	0.956728	cu02_p2r3K2
937485	1013815	0.92471	cu02_p2r3K3
952142	1013815	0.939167	cu02_p2r3K4
940904	1013815	0.928083	cu02_p2r3K5
901251	1013815	0.88897	cu02_p2r3K6
964084	1013815	0.950947	cu02_p2r3K7
946769	1013815	0.933868	cu02_p2r3K8
965347	1013815	0.952192	cu02_p2r3K9
819725	1013815	0.808555	cu02_p2r3L10
804296	1013815	0.793336	cu02_p2r3L11
789609	1013815	0.778849	cu02_p2r3L12
787586	1013815	0.776854	cu02_p2r3L13
776783	1013815	0.766198	cu02_p2r3L14
819156	1013815	0.807994	cu02_p2r3L15
807344	1013815	0.796343	cu02_p2r3L16
749521	1013815	0.739307	cu02_p2r3L17
771076	1013815	0.760569	cu02_p2r3L18
718603	1013815	0.708811	cu02_p2r3L19
865221	1013815	0.853431	cu02_p2r3L1
785081	1013815	0.774383	cu02_p2r3L20
765557	1013815	0.755125	cu02_p2r3L21
752195	1013815	0.741945	cu02_p2r3L22
785722	1013815	0.775015	cu02_p2r3L23
747387	1013815	0.737203	cu02_p2r3L24
890452	1013815	0.878318	cu02_p2r3L2
797691	1013815	0.786821	cu02_p2r3L3
817585	1013815	0.806444	cu02_p2r3L4
848365	1013815	0.836805	cu02_p2r3L5
831864	1013815	0.820528	cu02_p2r3L6
798503	1013815	0.787622	cu02_p2r3L7
930211	1013815	0.917535	cu02_p2r3L8
780334	1013815	0.769701	cu02_p2r3L9
956525	1013815	0.943491	cu02_p2r4M10
896194	1013815	0.883982	cu02_p2r4M11
953276	1013815	0.940286	cu02_p2r4M12
941629	1013815	0.928798	cu02_p2r4M13
959732	1013815	0.946654	cu02_p2r4M14
738448	1013815	0.728385	cu02_p2r4M15
964248	1013815	0.951108	cu02_p2r4M16
952997	1013815	0.940011	cu02_p2r4M17
912177	1013815	0.899747	cu02_p2r4M18
852151	1013815	0.840539	cu02_p2r4M19
901823	1013815	0.889534	cu02_p2r4M1
914325	1013815	0.901866	cu02_p2r4M20
918714	1013815	0.906195	cu02_p2r4M21
859854	1013815	0.848137	cu02_p2r4M22
943154	1013815	0.930302	cu02_p2r4M23
935611	1013815	0.922862	cu02_p2r4M2
945556	1013815	0.932671	cu02_p2r4M3
895426	1013815	0.883224	cu02_p2r4M4
950661	1013815	0.937707	cu02_p2r4M6
915480	1013815	0.903005	cu02_p2r4M7
870174	1013815	0.858316	cu02_p2r4M8
944294	1013815	0.931426	cu02_p2r4M9
925604	1013815	0.912991	cu02_p2r4N10
973142	1013815	0.959881	cu02_p2r4N11
895911	1013815	0.883703	cu02_p2r4N12
933846	1013815	0.921121	cu02_p2r4N13
960049	1013815	0.946967	cu02_p2r4N15
942637	1013815	0.929792	cu02_p2r4N17
975383	1013815	0.962092	cu02_p2r4N18
965144	1013815	0.951992	cu02_p2r4N19
744605	1013815	0.734458	cu02_p2r4N1
946281	1013815	0.933386	cu02_p2r4N20
953014	1013815	0.940028	cu02_p2r4N21
924740	1013815	0.912139	cu02_p2r4N22
957102	1013815	0.94406	cu02_p2r4N23
993968	1013815	0.980423	cu02_p2r4N2
892129	1013815	0.879972	cu02_p2r4N3
887316	1013815	0.875225	cu02_p2r4N4
930052	1013815	0.917378	cu02_p2r4N5
949233	1013815	0.936298	cu02_p2r4N6
987232	1013815	0.973779	cu02_p2r4N7
911882	1013815	0.899456	cu02_p2r4N8
936005	1013815	0.92325	cu02_p2r4N9
971506	1013815	0.958268	cu02_p2r4O10
972946	1013815	0.959688	cu02_p2r4O11
935439	1013815	0.922692	cu02_p2r4O12
949580	1013815	0.93664	cu02_p2r4O14
971499	1013815	0.958261	cu02_p2r4O15
783868	1013815	0.773186	cu02_p2r4O16
952655	1013815	0.939673	cu02_p2r4O17
906330	1013815	0.89398	cu02_p2r4O18
926202	1013815	0.913581	cu02_p2r4O19
915856	1013815	0.903376	cu02_p2r4O1
964651	1013815	0.951506	cu02_p2r4O20
928505	1013815	0.915852	cu02_p2r4O21
946824	1013815	0.933922	cu02_p2r4O22
964988	1013815	0.951838	cu02_p2r4O23
969776	1013815	0.956561	cu02_p2r4O2
915871	1013815	0.903391	cu02_p2r4O3
934660	1013815	0.921924	cu02_p2r4O4
920679	1013815	0.908133	cu02_p2r4O5
901209	1013815	0.888928	cu02_p2r4O6
898713	1013815	0.886466	cu02_p2r4O7
972474	1013815	0.959222	cu02_p2r4O8
976595	1013815	0.963287	cu02_p2r4O9
773837	1013815	0.763292	cu02_p3r1A11
735712	1013815	0.725687	cu02_p3r1A13
785068	1013815	0.77437	cu02_p3r1A15
841401	1013815	0.829935	cu02_p3r1A16
723137	1013815	0.713283	cu02_p3r1A17
823059	1013815	0.811843	cu02_p3r1A18
811948	1013815	0.800884	cu02_p3r1A19
784982	1013815	0.774285	cu02_p3r1A20
777978	1013815	0.767377	cu02_p3r1A22
841785	1013815	0.830314	cu02_p3r1A23
711359	1013815	0.701665	cu02_p3r1A24
775528	1013815	0.76496	cu02_p3r1A3
789544	1013815	0.778785	cu02_p3r1A6
882187	1013815	0.870166	cu02_p3r1A7
809020	1013815	0.797996	cu02_p3r1A8
808109	1013815	0.797097	cu02_p3r1A9
737868	1013815	0.727813	cu02_p3r1B14
773211	1013815	0.762675	cu02_p3r1B16
828891	1013815	0.817596	cu02_p3r1B17
759268	1013815	0.748922	cu02_p3r1B18
832497	1013815	0.821153	cu02_p3r1B19
751479	1013815	0.741239	cu02_p3r1B1
779620	1013815	0.768996	cu02_p3r1B20
739332	1013815	0.729257	cu02_p3r1B22
861604	1013815	0.849863	cu02_p3r1B23
724852	1013815	0.714975	cu02_p3r1B24
827242	1013815	0.815969	cu02_p3r1B2
796383	1013815	0.785531	cu02_p3r1B3
693176	1013815	0.68373	cu02_p3r1B4
856385	1013815	0.844715	cu02_p3r1B8
745152	1013815	0.734998	cu02_p3r1B9
734933	1013815	0.724918	cu02_p3r1C10
762657	1013815	0.752264	cu02_p3r1C11
746590	1013815	0.736416	cu02_p3r1C12
733057	1013815	0.723068	cu02_p3r1C13
800723	1013815	0.789812	cu02_p3r1C14
741708	1013815	0.731601	cu02_p3r1C15
857531	1013815	0.845846	cu02_p3r1C16
781271	1013815	0.770625	cu02_p3r1C17
886805	1013815	0.874721	cu02_p3r1C18
863786	1013815	0.852015	cu02_p3r1C19
879567	1013815	0.867581	cu02_p3r1C21
802362	1013815	0.791428	cu02_p3r1C22
842976	1013815	0.831489	cu02_p3r1C23
860940	1013815	0.849208	cu02_p3r1C24
872199	1013815	0.860314	cu02_p3r1C6
760568	1013815	0.750204	cu02_p3r1C7
884674	1013815	0.872619	cu02_p3r1C8
789199	1013815	0.778445	cu02_p3r1C9
753999	1013815	0.743724	cu02_p3r1D11
766926	1013815	0.756475	cu02_p3r1D12
781640	1013815	0.770989	cu02_p3r1D13
856544	1013815	0.844872	cu02_p3r1D14
811219	1013815	0.800165	cu02_p3r1D17
875104	1013815	0.863179	cu02_p3r1D18
745967	1013815	0.735802	cu02_p3r1D1
826248	1013815	0.814989	cu02_p3r1D20
801631	1013815	0.790707	cu02_p3r1D21
785864	1013815	0.775155	cu02_p3r1D22
721682	1013815	0.711848	cu02_p3r1D24
811465	1013815	0.800407	cu02_p3r1D2
745332	1013815	0.735176	cu02_p3r1D3
838122	1013815	0.826701	cu02_p3r1D4
902268	1013815	0.889973	cu02_p3r1D5
889167	1013815	0.877051	cu02_p3r1D7
858160	1013815	0.846466	cu02_p3r1D9
745604	1013815	0.735444	cu02_p3r2E10
771426	1013815	0.760914	cu02_p3r2E11
760663	1013815	0.750298	cu02_p3r2E12
751632	1013815	0.74139	cu02_p3r2E13
816413	1013815	0.805288	cu02_p3r2E14
746153	1013815	0.735985	cu02_p3r2E15
832916	1013815	0.821566	cu02_p3r2E16
757368	1013815	0.747048	cu02_p3r2E18
794001	1013815	0.783181	cu02_p3r2E19
749976	1013815	0.739756	cu02_p3r2E1
704401	1013815	0.694802	cu02_p3r2E20
791210	1013815	0.780428	cu02_p3r2E21
823769	1013815	0.812544	cu02_p3r2E22
792222	1013815	0.781427	cu02_p3r2E23
777045	1013815	0.766456	cu02_p3r2E24
757089	1013815	0.746772	cu02_p3r2E2
755057	1013815	0.744768	cu02_p3r2E3
770946	1013815	0.760441	cu02_p3r2E4
832466	1013815	0.821122	cu02_p3r2E5
724664	1013815	0.714789	cu02_p3r2E6
718746	1013815	0.708952	cu02_p3r2E7
725796	1013815	0.715906	cu02_p3r2E8
704563	1013815	0.694962	cu02_p3r2E9
723906	1013815	0.714042	cu02_p3r2F11
732534	1013815	0.722552	cu02_p3r2F12
738465	1013815	0.728402	cu02_p3r2F13
860196	1013815	0.848474	cu02_p3r2F15
802026	1013815	0.791097	cu02_p3r2F16
763673	1013815	0.753267	cu02_p3r2F17
807078	1013815	0.79608	cu02_p3r2F18
821934	1013815	0.810734	cu02_p3r2F19
730474	1013815	0.72052	cu02_p3r2F1
759282	1013815	0.748935	cu02_p3r2F21
786202	1013815	0.775489	cu02_p3r2F22
770931	1013815	0.760426	cu02_p3r2F23
755279	1013815	0.744987	cu02_p3r2F2
729204	1013815	0.719267	cu02_p3r2F3
733660	1013815	0.723663	cu02_p3r2F4
747805	1013815	0.737615	cu02_p3r2F5
814048	1013815	0.802955	cu02_p3r2F7
755345	1013815	0.745052	cu02_p3r2F8
727442	1013815	0.717529	cu02_p3r2F9
785169	1013815	0.77447	cu02_p3r2G10
737290	1013815	0.727243	cu02_p3r2G11
737636	1013815	0.727584	cu02_p3r2G12
747673	1013815	0.737485	cu02_p3r2G13
738577	1013815	0.728513	cu02_p3r2G14
779852	1013815	0.769225	cu02_p3r2G15
962741	1013815	0.949622	cu02_p3r2G16
726083	1013815	0.716189	cu02_p3r2G17
772621	1013815	0.762093	cu02_p3r2G18
787535	1013815	0.776803	cu02_p3r2G19
683437	1013815	0.674124	cu02_p3r2G1
785793	1013815	0.775085	cu02_p3r2G20
783772	1013815	0.773092	cu02_p3r2G21
719062	1013815	0.709264	cu02_p3r2G22
699934	1013815	0.690396	cu02_p3r2G23
765938	1013815	0.755501	cu02_p3r2G24
782282	1013815	0.771622	cu02_p3r2G2
761603	1013815	0.751225	cu02_p3r2G3
718692	1013815	0.708899	cu02_p3r2G4
812647	1013815	0.801573	cu02_p3r2G5
747593	1013815	0.737406	cu02_p3r2G6
761853	1013815	0.751471	cu02_p3r2G7
740606	1013815	0.730514	cu02_p3r2G8
799328	1013815	0.788436	cu02_p3r2G9
729830	1013815	0.719885	cu02_p3r2H10
727364	1013815	0.717452	cu02_p3r2H11
803296	1013815	0.79235	cu02_p3r2H12
731599	1013815	0.72163	cu02_p3r2H13
777103	1013815	0.766514	cu02_p3r2H14
743377	1013815	0.733247	cu02_p3r2H16
842069	1013815	0.830594	cu02_p3r2H17
782130	1013815	0.771472	cu02_p3r2H18
760017	1013815	0.74966	cu02_p3r2H19
700394	1013815	0.69085	cu02_p3r2H1
788284	1013815	0.777542	cu02_p3r2H20
750912	1013815	0.74068	cu02_p3r2H21
789665	1013815	0.778904	cu02_p3r2H23
749522	1013815	0.739308	cu02_p3r2H24
769844	1013815	0.759354	cu02_p3r2H2
743773	1013815	0.733638	cu02_p3r2H3
760496	1013815	0.750133	cu02_p3r2H4
800012	1013815	0.78911	cu02_p3r2H5
750786	1013815	0.740555	cu02_p3r2H7
791527	1013815	0.780741	cu02_p3r2H8
734614	1013815	0.724604	cu02_p3r2H9
821781	1013815	0.810583	cu02_p3r3I10
851146	1013815	0.839548	cu02_p3r3I11
892527	1013815	0.880365	cu02_p3r3I12
772882	1013815	0.76235	cu02_p3r3I13
818043	1013815	0.806896	cu02_p3r3I14
855137	1013815	0.843484	cu02_p3r3I15
807382	1013815	0.79638	cu02_p3r3I16
904512	1013815	0.892186	cu02_p3r3I17
843262	1013815	0.831771	cu02_p3r3I18
716466	1013815	0.706703	cu02_p3r3I19
780197	1013815	0.769565	cu02_p3r3I1
766029	1013815	0.755591	cu02_p3r3I20
803435	1013815	0.792487	cu02_p3r3I21
795990	1013815	0.785143	cu02_p3r3I22
864605	1013815	0.852823	cu02_p3r3I23
701124	1013815	0.69157	cu02_p3r3I24
828031	1013815	0.816748	cu02_p3r3I2
817800	1013815	0.806656	cu02_p3r3I3
862020	1013815	0.850273	cu02_p3r3I4
895290	1013815	0.88309	cu02_p3r3I5
864960	1013815	0.853173	cu02_p3r3I7
832994	1013815	0.821643	cu02_p3r3I9
753804	1013815	0.743532	cu02_p3r3J10
898705	1013815	0.886459	cu02_p3r3J11
841454	1013815	0.829988	cu02_p3r3J12
597913	1013815	0.589765	cu02_p3r3J13
830205	1013815	0.818892	cu02_p3r3J14
827476	1013815	0.8162	cu02_p3r3J15
866652	1013815	0.854842	cu02_p3r3J16
888372	1013815	0.876266	cu02_p3r3J17
794669	1013815	0.78384	cu02_p3r3J18
810620	1013815	0.799574	cu02_p3r3J1
894685	1013815	0.882493	cu02_p3r3J20
898485	1013815	0.886242	cu02_p3r3J21
720192	1013815	0.710378	cu02_p3r3J22
822120	1013815	0.810917	cu02_p3r3J23
748606	1013815	0.738405	cu02_p3r3J24
763818	1013815	0.75341	cu02_p3r3J2
746638	1013815	0.736464	cu02_p3r3J3
796937	1013815	0.786077	cu02_p3r3J4
722739	1013815	0.71289	cu02_p3r3J5
846904	1013815	0.835363	cu02_p3r3J6
870886	1013815	0.859019	cu02_p3r3J7
745811	1013815	0.735648	cu02_p3r3J8
746243	1013815	0.736074	cu02_p3r3J9
806020	1013815	0.795037	cu02_p3r3K10
856702	1013815	0.845028	cu02_p3r3K11
891246	1013815	0.879101	cu02_p3r3K12
750307	1013815	0.740083	cu02_p3r3K13
875831	1013815	0.863896	cu02_p3r3K14
811019	1013815	0.799967	cu02_p3r3K15
745011	1013815	0.734859	cu02_p3r3K16
904011	1013815	0.891692	cu02_p3r3K17
861795	1013815	0.850052	cu02_p3r3K18
771214	1013815	0.760705	cu02_p3r3K19
823294	1013815	0.812075	cu02_p3r3K1
895014	1013815	0.882818	cu02_p3r3K20
905599	1013815	0.893259	cu02_p3r3K21
915438	1013815	0.902964	cu02_p3r3K22
874255	1013815	0.862342	cu02_p3r3K23
829208	1013815	0.817909	cu02_p3r3K24
837932	1013815	0.826514	cu02_p3r3K2
799139	1013815	0.788249	cu02_p3r3K3
760626	1013815	0.750261	cu02_p3r3K4
878567	1013815	0.866595	cu02_p3r3K5
827692	1013815	0.816413	cu02_p3r3K6
898375	1013815	0.886133	cu02_p3r3K7
743649	1013815	0.733515	cu02_p3r3K8
791120	1013815	0.78034	cu02_p3r3K9
890838	1013815	0.878699	cu02_p3r3L10
775028	1013815	0.764467	cu02_p3r3L11
801471	1013815	0.79055	cu02_p3r3L13
825062	1013815	0.813819	cu02_p3r3L14
884122	1013815	0.872074	cu02_p3r3L15
841178	1013815	0.829715	cu02_p3r3L16
887526	1013815	0.875432	cu02_p3r3L17
764899	1013815	0.754476	cu02_p3r3L18
877524	1013815	0.865566	cu02_p3r3L19
746497	1013815	0.736325	cu02_p3r3L1
811232	1013815	0.800178	cu02_p3r3L20
837173	1013815	0.825765	cu02_p3r3L21
809666	1013815	0.798633	cu02_p3r3L22
756154	1013815	0.74585	cu02_p3r3L23
849735	1013815	0.838156	cu02_p3r3L24
858290	1013815	0.846594	cu02_p3r3L2
860586	1013815	0.848859	cu02_p3r3L3
790019	1013815	0.779254	cu02_p3r3L4
858805	1013815	0.847102	cu02_p3r3L5
837673	1013815	0.826258	cu02_p3r3L6
843468	1013815	0.831974	cu02_p3r3L7
878201	1013815	0.866234	cu02_p3r3L9
851287	1013815	0.839687	cu02_p3r4M10
831728	1013815	0.820394	cu02_p3r4M11
871364	1013815	0.85949	cu02_p3r4M12
835489	1013815	0.824104	cu02_p3r4M13
846118	1013815	0.834588	cu02_p3r4M14
858715	1013815	0.847014	cu02_p3r4M15
843473	1013815	0.831979	cu02_p3r4M16
882571	1013815	0.870544	cu02_p3r4M17
750340	1013815	0.740115	cu02_p3r4M18
843325	1013815	0.831833	cu02_p3r4M19
858945	1013815	0.84724	cu02_p3r4M1
849838	1013815	0.838257	cu02_p3r4M20
724187	1013815	0.714319	cu02_p3r4M21
878845	1013815	0.866869	cu02_p3r4M22
841030	1013815	0.829569	cu02_p3r4M23
856802	1013815	0.845127	cu02_p3r4M2
808774	1013815	0.797753	cu02_p3r4M3
845275	1013815	0.833757	cu02_p3r4M4
865151	1013815	0.853362	cu02_p3r4M5
800737	1013815	0.789826	cu02_p3r4M6
833580	1013815	0.822221	cu02_p3r4M8
926827	1013815	0.914197	cu02_p3r4M9
824324	1013815	0.813091	cu02_p3r4N10
854134	1013815	0.842495	cu02_p3r4N11
816109	1013815	0.804988	cu02_p3r4N12
862501	1013815	0.850748	cu02_p3r4N13
872821	1013815	0.860927	cu02_p3r4N14
855826	1013815	0.844164	cu02_p3r4N15
862816	1013815	0.851059	cu02_p3r4N16
904373	1013815	0.892049	cu02_p3r4N17
893984	1013815	0.881802	cu02_p3r4N18
835604	1013815	0.824217	cu02_p3r4N19
882171	1013815	0.87015	cu02_p3r4N1
859540	1013815	0.847827	cu02_p3r4N20
756604	1013815	0.746294	cu02_p3r4N21
829261	1013815	0.817961	cu02_p3r4N22
892660	1013815	0.880496	cu02_p3r4N23
863024	1013815	0.851264	cu02_p3r4N2
775108	1013815	0.764546	cu02_p3r4N3
738123	1013815	0.728065	cu02_p3r4N4
877516	1013815	0.865558	cu02_p3r4N5
780588	1013815	0.769951	cu02_p3r4N6
908888	1013815	0.896503	cu02_p3r4N7
758571	1013815	0.748234	cu02_p3r4N8
854783	1013815	0.843135	cu02_p3r4N9
904345	1013815	0.892022	cu02_p3r4O10
773119	1013815	0.762584	cu02_p3r4O11
891154	1013815	0.87901	cu02_p3r4O12
897940	1013815	0.885704	cu02_p3r4O13
860438	1013815	0.848713	cu02_p3r4O14
916562	1013815	0.904072	cu02_p3r4O15
818416	1013815	0.807264	cu02_p3r4O16
677527	1013815	0.668295	cu02_p3r4O1
680501	1013815	0.671228	cu02_p3r4O20
815399	1013815	0.804288	cu02_p3r4O22
742674	1013815	0.732554	cu02_p3r4O23
870871	1013815	0.859004	cu02_p3r4O2
901489	1013815	0.889205	cu02_p3r4O3
834990	1013815	0.823612	cu02_p3r4O4
867058	1013815	0.855243	cu02_p3r4O5
778156	1013815	0.767552	cu02_p3r4O6
891237	1013815	0.879092	cu02_p3r4O7
753211	1013815	0.742947	cu02_p3r4O8
843439	1013815	0.831946	cu02_p3r4O9
