1752174	1805403	0.970517	cu08_p1r1A11
1466445	1805403	0.812254	cu08_p1r1A13
1715598	1805403	0.950258	cu08_p1r1A15
1693467	1805403	0.937999	cu08_p1r1A17
1715423	1805403	0.950161	cu08_p1r1A19
1590264	1805403	0.880836	cu08_p1r1A21
1572708	1805403	0.871112	cu08_p1r1A23
1381189	1805403	0.765031	cu08_p1r1A3
1555452	1805403	0.861554	cu08_p1r1A7
1457562	1805403	0.807333	cu08_p1r1B11
1604917	1805403	0.888952	cu08_p1r1B13
1544904	1805403	0.855711	cu08_p1r1B17
1441781	1805403	0.798592	cu08_p1r1B19
1652274	1805403	0.915183	cu08_p1r1B1
1653672	1805403	0.915957	cu08_p1r1B21
1509177	1805403	0.835923	cu08_p1r1B23
1597264	1805403	0.884713	cu08_p1r1B3
1604183	1805403	0.888546	cu08_p1r1B5
1668815	1805403	0.924345	cu08_p1r1C11
1665021	1805403	0.922243	cu08_p1r1C13
1740041	1805403	0.963796	cu08_p1r1C1
1575224	1805403	0.872505	cu08_p1r1C23
1492159	1805403	0.826496	cu08_p1r1C3
1549215	1805403	0.858099	cu08_p1r1C5
1703772	1805403	0.943707	cu08_p1r1C7
1530208	1805403	0.847571	cu08_p1r1C9
1586557	1805403	0.878783	cu08_p1r1D13
1509499	1805403	0.836101	cu08_p1r1D15
1535620	1805403	0.850569	cu08_p1r1D19
1755890	1805403	0.972575	cu08_p1r1D1
1586954	1805403	0.879003	cu08_p1r1D21
1548224	1805403	0.85755	cu08_p1r1D23
1631956	1805403	0.903929	cu08_p1r1D7
1663142	1805403	0.921203	cu08_p1r1D9
1400879	1805403	0.775937	cu08_p1r1E11
1622817	1805403	0.898867	cu08_p1r1E19
1764302	1805403	0.977234	cu08_p1r1E1
1579464	1805403	0.874854	cu08_p1r1E21
1448006	1805403	0.80204	cu08_p1r1E23
1642286	1805403	0.909651	cu08_p1r1E7
1676046	1805403	0.92835	cu08_p1r1E9
1357258	1805403	0.751776	cu08_p1r1F11
1569222	1805403	0.869181	cu08_p1r1F17
1734563	1805403	0.960762	cu08_p1r1F1
1548239	1805403	0.857559	cu08_p1r1F21
1568767	1805403	0.868929	cu08_p1r1F23
1671981	1805403	0.926098	cu08_p1r1F7
1559268	1805403	0.863668	cu08_p1r1G1
1561954	1805403	0.865155	cu08_p1r1G23
1550073	1805403	0.858575	cu08_p1r1G3
1661301	1805403	0.920183	cu08_p1r1G7
1655707	1805403	0.917084	cu08_p1r1H19
1581887	1805403	0.876196	cu08_p1r1H7
1591911	1805403	0.881748	cu08_p1r2A10
1697019	1805403	0.939967	cu08_p1r2A12
1573182	1805403	0.871374	cu08_p1r2A14
1645720	1805403	0.911553	cu08_p1r2A16
1723843	1805403	0.954824	cu08_p1r2A18
1480587	1805403	0.820087	cu08_p1r2A20
1541040	1805403	0.853571	cu08_p1r2A22
1640755	1805403	0.908803	cu08_p1r2A24
1335144	1805403	0.739527	cu08_p1r2A2
1377840	1805403	0.763176	cu08_p1r2A4
1522702	1805403	0.843414	cu08_p1r2A6
1479102	1805403	0.819264	cu08_p1r2A8
1559337	1805403	0.863706	cu08_p1r2B12
1684524	1805403	0.933046	cu08_p1r2B14
1379429	1805403	0.764056	cu08_p1r2B16
1583478	1805403	0.877077	cu08_p1r2B18
1582052	1805403	0.876287	cu08_p1r2B20
1556037	1805403	0.861878	cu08_p1r2B22
1518896	1805403	0.841306	cu08_p1r2B24
1572058	1805403	0.870752	cu08_p1r2B2
1727578	1805403	0.956893	cu08_p1r2B4
1644725	1805403	0.911002	cu08_p1r2B6
1521654	1805403	0.842833	cu08_p1r2C10
1559775	1805403	0.863948	cu08_p1r2C12
1642399	1805403	0.909713	cu08_p1r2C14
1688467	1805403	0.93523	cu08_p1r2C18
1555507	1805403	0.861584	cu08_p1r2C20
1515592	1805403	0.839476	cu08_p1r2C22
1619298	1805403	0.896918	cu08_p1r2C24
1361255	1805403	0.75399	cu08_p1r2C2
1617264	1805403	0.895791	cu08_p1r2C6
1531213	1805403	0.848128	cu08_p1r2D10
1496002	1805403	0.828625	cu08_p1r2D12
1567953	1805403	0.868478	cu08_p1r2D18
1315853	1805403	0.728842	cu08_p1r2D20
1545370	1805403	0.85597	cu08_p1r2D22
1593377	1805403	0.88256	cu08_p1r2D24
1670318	1805403	0.925177	cu08_p1r2D4
1351709	1805403	0.748702	cu08_p1r2D6
1540144	1805403	0.853075	cu08_p1r2E10
1366108	1805403	0.756678	cu08_p1r2E14
1585917	1805403	0.878428	cu08_p1r2E16
1604655	1805403	0.888807	cu08_p1r2E18
1557881	1805403	0.862899	cu08_p1r2E22
1683259	1805403	0.932345	cu08_p1r2E24
1546996	1805403	0.85687	cu08_p1r2E2
1547794	1805403	0.857312	cu08_p1r2E4
1515816	1805403	0.8396	cu08_p1r2E6
1660837	1805403	0.919926	cu08_p1r2E8
1665411	1805403	0.922459	cu08_p1r2F10
1692319	1805403	0.937364	cu08_p1r2F14
1650911	1805403	0.914428	cu08_p1r2F22
1658245	1805403	0.91849	cu08_p1r2F24
1614713	1805403	0.894378	cu08_p1r2F4
1398356	1805403	0.77454	cu08_p1r2F6
1513309	1805403	0.838211	cu08_p1r2F8
1480762	1805403	0.820184	cu08_p1r2G18
1735982	1805403	0.961548	cu08_p1r2G24
1518095	1805403	0.840862	cu08_p1r2G6
1359851	1805403	0.753212	cu08_p1r2G8
1683851	1805403	0.932673	cu08_p1r2H12
1602557	1805403	0.887645	cu08_p1r2H22
1746903	1805403	0.967597	cu08_p1r2H24
1543827	1805403	0.855115	cu08_p1r2H6
1480889	1805403	0.820254	cu08_p1r2H8
1662679	1805403	0.920946	cu08_p1r3I17
1753786	1805403	0.97141	cu08_p1r3I7
1711435	1805403	0.947952	cu08_p1r3J19
1559823	1805403	0.863975	cu08_p1r3J23
1728338	1805403	0.957314	cu08_p1r3J5
1683694	1805403	0.932586	cu08_p1r3J9
1319062	1805403	0.730619	cu08_p1r3K13
1560786	1805403	0.864508	cu08_p1r3K23
1637208	1805403	0.906838	cu08_p1r3L19
1592091	1805403	0.881848	cu08_p1r3L23
1603641	1805403	0.888245	cu08_p1r3M19
1716795	1805403	0.950921	cu08_p1r3M21
1627797	1805403	0.901625	cu08_p1r3M23
1251219	1805403	0.693041	cu08_p1r3N11
1612043	1805403	0.892899	cu08_p1r3N23
1635726	1805403	0.906017	cu08_p1r3O23
1679177	1805403	0.930084	cu08_p1r3O9
1667600	1805403	0.923672	cu08_p1r3P13
1745422	1805403	0.966777	cu08_p1r3P3
1603631	1805403	0.88824	cu08_p1r3P5
1754388	1805403	0.971743	cu08_p1r4I12
1634654	1805403	0.905423	cu08_p1r4I16
1520694	1805403	0.842302	cu08_p1r4I22
1788476	1805403	0.990624	cu08_p1r4I24
1719711	1805403	0.952536	cu08_p1r4I4
1612791	1805403	0.893314	cu08_p1r4I6
1337561	1805403	0.740866	cu08_p1r4I8
1640367	1805403	0.908588	cu08_p1r4J16
1307201	1805403	0.724049	cu08_p1r4J22
1779923	1805403	0.985887	cu08_p1r4J24
1701338	1805403	0.942359	cu08_p1r4J8
1578412	1805403	0.874271	cu08_p1r4K22
1785630	1805403	0.989048	cu08_p1r4K24
1673461	1805403	0.926918	cu08_p1r4L10
1712352	1805403	0.94846	cu08_p1r4L12
1689445	1805403	0.935772	cu08_p1r4L22
1753430	1805403	0.971213	cu08_p1r4M22
1781921	1805403	0.986993	cu08_p1r4M24
1584493	1805403	0.87764	cu08_p1r4N12
1785842	1805403	0.989165	cu08_p1r4N24
1750180	1805403	0.969412	cu08_p1r4N8
1605814	1805403	0.889449	cu08_p1r4O8
1777648	1805403	0.984627	cu08_p1r4P10
1497563	1805403	0.82949	cu08_p1r4P2
1744860	1805403	0.966466	cu08_p1r4P4
1773217	1805403	0.982172	cu08_p1r4P8
1657594	1805403	0.91813	cu08_p2r1A11
1607017	1805403	0.890115	cu08_p2r1A13
1316764	1805403	0.729346	cu08_p2r1A15
1340999	1805403	0.74277	cu08_p2r1A17
1587154	1805403	0.879113	cu08_p2r1A19
1391939	1805403	0.770985	cu08_p2r1A23
1193919	1805403	0.661303	cu08_p2r1A3
1613833	1805403	0.893891	cu08_p2r1A5
1743022	1805403	0.965448	cu08_p2r1A7
1602739	1805403	0.887746	cu08_p2r1A9
1673847	1805403	0.927132	cu08_p2r1B15
1546565	1805403	0.856631	cu08_p2r1B19
1320296	1805403	0.731303	cu08_p2r1B1
1635340	1805403	0.905803	cu08_p2r1B21
1761917	1805403	0.975913	cu08_p2r1B23
1277180	1805403	0.707421	cu08_p2r1B3
1597251	1805403	0.884706	cu08_p2r1B7
1402997	1805403	0.77711	cu08_p2r1C15
1473045	1805403	0.815909	cu08_p2r1C17
1221305	1805403	0.676472	cu08_p2r1C19
1283994	1805403	0.711195	cu08_p2r1C1
1343757	1805403	0.744298	cu08_p2r1C3
1710377	1805403	0.947366	cu08_p2r1C7
1670058	1805403	0.925033	cu08_p2r1C9
1552446	1805403	0.859889	cu08_p2r1D11
1585944	1805403	0.878443	cu08_p2r1D19
1276228	1805403	0.706894	cu08_p2r1D1
1215833	1805403	0.673441	cu08_p2r1D23
1453810	1805403	0.805255	cu08_p2r1D3
1694571	1805403	0.938611	cu08_p2r1D5
1190593	1805403	0.659461	cu08_p2r1D7
1733215	1805403	0.960016	cu08_p2r1D9
1190225	1805403	0.659257	cu08_p2r1E11
1528654	1805403	0.846711	cu08_p2r1E15
1353623	1805403	0.749762	cu08_p2r1E17
1713898	1805403	0.949316	cu08_p2r1E19
1621898	1805403	0.898358	cu08_p2r1E1
1713572	1805403	0.949135	cu08_p2r1E21
1565102	1805403	0.866899	cu08_p2r1E23
1704403	1805403	0.944057	cu08_p2r1E3
1304284	1805403	0.722434	cu08_p2r1E5
1480222	1805403	0.819885	cu08_p2r1F11
1645431	1805403	0.911393	cu08_p2r1F13
1393302	1805403	0.77174	cu08_p2r1F15
1586227	1805403	0.8786	cu08_p2r1F17
1432848	1805403	0.793644	cu08_p2r1F23
1673586	1805403	0.926987	cu08_p2r1F3
1700602	1805403	0.941951	cu08_p2r1F5
1484402	1805403	0.8222	cu08_p2r1F7
1235720	1805403	0.684457	cu08_p2r1G11
1713408	1805403	0.949045	cu08_p2r1G13
1658724	1805403	0.918756	cu08_p2r1G17
1765192	1805403	0.977727	cu08_p2r1G1
1634191	1805403	0.905167	cu08_p2r1G21
1238289	1805403	0.68588	cu08_p2r1G23
1378953	1805403	0.763792	cu08_p2r1G3
1619743	1805403	0.897164	cu08_p2r1H11
1453421	1805403	0.80504	cu08_p2r1H15
1667175	1805403	0.923436	cu08_p2r1H17
1622388	1805403	0.898629	cu08_p2r1H19
1351505	1805403	0.748589	cu08_p2r1H21
1685621	1805403	0.933654	cu08_p2r1H5
1248041	1805403	0.691281	cu08_p2r1H9
1512122	1805403	0.837554	cu08_p2r2A10
1761925	1805403	0.975918	cu08_p2r2A12
1457000	1805403	0.807022	cu08_p2r2A14
1135894	1805403	0.629164	cu08_p2r2A16
1593189	1805403	0.882456	cu08_p2r2A20
1622453	1805403	0.898665	cu08_p2r2A22
1758291	1805403	0.973905	cu08_p2r2A2
1440254	1805403	0.797747	cu08_p2r2A4
1711316	1805403	0.947886	cu08_p2r2A6
1439790	1805403	0.79749	cu08_p2r2A8
1186439	1805403	0.65716	cu08_p2r2B10
1726986	1805403	0.956565	cu08_p2r2B12
1623711	1805403	0.899362	cu08_p2r2B14
1507375	1805403	0.834924	cu08_p2r2B16
1251208	1805403	0.693035	cu08_p2r2B18
1754188	1805403	0.971632	cu08_p2r2B20
1376017	1805403	0.762166	cu08_p2r2B22
1442477	1805403	0.798978	cu08_p2r2B24
1638309	1805403	0.907448	cu08_p2r2B2
1774025	1805403	0.98262	cu08_p2r2B6
1620085	1805403	0.897354	cu08_p2r2B8
1550300	1805403	0.8587	cu08_p2r2C10
1190926	1805403	0.659646	cu08_p2r2C14
1408803	1805403	0.780326	cu08_p2r2C16
1464926	1805403	0.811412	cu08_p2r2C24
1321053	1805403	0.731722	cu08_p2r2C4
1636737	1805403	0.906577	cu08_p2r2C6
1622418	1805403	0.898646	cu08_p2r2C8
1574158	1805403	0.871915	cu08_p2r2D10
1333836	1805403	0.738802	cu08_p2r2D16
1566447	1805403	0.867644	cu08_p2r2D18
1366424	1805403	0.756853	cu08_p2r2D22
1470907	1805403	0.814725	cu08_p2r2D24
1625957	1805403	0.900606	cu08_p2r2D2
1388725	1805403	0.769205	cu08_p2r2D6
1218908	1805403	0.675145	cu08_p2r2E10
1622036	1805403	0.898434	cu08_p2r2E14
1562079	1805403	0.865225	cu08_p2r2E18
1383638	1805403	0.766387	cu08_p2r2E20
1464911	1805403	0.811404	cu08_p2r2E22
1474356	1805403	0.816635	cu08_p2r2E24
1506946	1805403	0.834687	cu08_p2r2E2
1317018	1805403	0.729487	cu08_p2r2E4
1325008	1805403	0.733913	cu08_p2r2E6
1596537	1805403	0.884311	cu08_p2r2E8
1576931	1805403	0.873451	cu08_p2r2F10
1470443	1805403	0.814468	cu08_p2r2F12
1700824	1805403	0.942074	cu08_p2r2F14
1349870	1805403	0.747683	cu08_p2r2F16
1369029	1805403	0.758296	cu08_p2r2F18
1523328	1805403	0.843761	cu08_p2r2F20
1298442	1805403	0.719198	cu08_p2r2F22
1193031	1805403	0.660811	cu08_p2r2F24
1627443	1805403	0.901429	cu08_p2r2F2
1401739	1805403	0.776413	cu08_p2r2F6
1250127	1805403	0.692437	cu08_p2r2F8
1215257	1805403	0.673122	cu08_p2r2G10
1754751	1805403	0.971944	cu08_p2r2G12
1183419	1805403	0.655487	cu08_p2r2G14
1680649	1805403	0.9309	cu08_p2r2G16
1562615	1805403	0.865521	cu08_p2r2G18
1559903	1805403	0.864019	cu08_p2r2G2
1707977	1805403	0.946036	cu08_p2r2G4
1624423	1805403	0.899756	cu08_p2r2G6
1537558	1805403	0.851643	cu08_p2r2G8
1344117	1805403	0.744497	cu08_p2r2H10
1213890	1805403	0.672365	cu08_p2r2H14
1308666	1805403	0.724861	cu08_p2r2H16
1167859	1805403	0.646869	cu08_p2r2H18
1316626	1805403	0.72927	cu08_p2r2H20
1690377	1805403	0.936288	cu08_p2r2H24
1776951	1805403	0.984241	cu08_p2r2H2
1339532	1805403	0.741957	cu08_p2r2H4
1440412	1805403	0.797834	cu08_p2r2H6
1635341	1805403	0.905804	cu08_p2r3I11
1315594	1805403	0.728698	cu08_p2r3I13
1535733	1805403	0.850632	cu08_p2r3I15
1218591	1805403	0.674969	cu08_p2r3I17
1745534	1805403	0.966839	cu08_p2r3I19
1379076	1805403	0.76386	cu08_p2r3I1
1209497	1805403	0.669932	cu08_p2r3I21
1452583	1805403	0.804575	cu08_p2r3I3
1674352	1805403	0.927412	cu08_p2r3I5
1683274	1805403	0.932354	cu08_p2r3I7
1431221	1805403	0.792743	cu08_p2r3I9
1465934	1805403	0.811971	cu08_p2r3J13
1624149	1805403	0.899605	cu08_p2r3J15
1677201	1805403	0.92899	cu08_p2r3J17
1506944	1805403	0.834686	cu08_p2r3J1
1460556	1805403	0.808992	cu08_p2r3J21
1292577	1805403	0.715949	cu08_p2r3J3
1604069	1805403	0.888483	cu08_p2r3J7
1586093	1805403	0.878526	cu08_p2r3K13
1220968	1805403	0.676286	cu08_p2r3K17
1568102	1805403	0.868561	cu08_p2r3K1
1632284	1805403	0.904111	cu08_p2r3K21
1264578	1805403	0.700441	cu08_p2r3K23
1349383	1805403	0.747414	cu08_p2r3K3
1203520	1805403	0.666621	cu08_p2r3K5
1320916	1805403	0.731646	cu08_p2r3K7
1613698	1805403	0.893816	cu08_p2r3K9
1282180	1805403	0.71019	cu08_p2r3L13
1490777	1805403	0.825731	cu08_p2r3L15
1441308	1805403	0.79833	cu08_p2r3L17
1760060	1805403	0.974885	cu08_p2r3L1
1227334	1805403	0.679812	cu08_p2r3L21
1702867	1805403	0.943206	cu08_p2r3L23
1700966	1805403	0.942153	cu08_p2r3L3
1619983	1805403	0.897297	cu08_p2r3L9
1228216	1805403	0.6803	cu08_p2r3M13
1646230	1805403	0.911835	cu08_p2r3M15
1645861	1805403	0.911631	cu08_p2r3M17
1614964	1805403	0.894517	cu08_p2r3M19
1739762	1805403	0.963642	cu08_p2r3M1
1609245	1805403	0.891349	cu08_p2r3M21
1672658	1805403	0.926473	cu08_p2r3M23
1420827	1805403	0.786986	cu08_p2r3M3
1240025	1805403	0.686841	cu08_p2r3M7
1232998	1805403	0.682949	cu08_p2r3M9
1196974	1805403	0.662995	cu08_p2r3N11
1229684	1805403	0.681113	cu08_p2r3N13
1170236	1805403	0.648185	cu08_p2r3N15
1508893	1805403	0.835765	cu08_p2r3N17
1667940	1805403	0.92386	cu08_p2r3N19
1612480	1805403	0.893141	cu08_p2r3N1
1698902	1805403	0.94101	cu08_p2r3N23
1198093	1805403	0.663615	cu08_p2r3N3
1470121	1805403	0.81429	cu08_p2r3N5
1641421	1805403	0.909172	cu08_p2r3N7
1232376	1805403	0.682604	cu08_p2r3N9
1770787	1805403	0.980826	cu08_p2r3O11
1343111	1805403	0.74394	cu08_p2r3O15
1496493	1805403	0.828897	cu08_p2r3O1
1755614	1805403	0.972422	cu08_p2r3O23
1741971	1805403	0.964865	cu08_p2r3O3
1739453	1805403	0.963471	cu08_p2r3O5
1744975	1805403	0.966529	cu08_p2r3O7
1272971	1805403	0.70509	cu08_p2r3P11
1736899	1805403	0.962056	cu08_p2r3P15
1669369	1805403	0.924652	cu08_p2r3P19
1429135	1805403	0.791588	cu08_p2r3P1
1762659	1805403	0.976324	cu08_p2r3P21
1710294	1805403	0.94732	cu08_p2r3P23
1408461	1805403	0.780137	cu08_p2r3P3
1318666	1805403	0.7304	cu08_p2r3P5
1683672	1805403	0.932574	cu08_p2r3P7
1428703	1805403	0.791349	cu08_p2r3P9
1732326	1805403	0.959523	cu08_p2r4I10
1697351	1805403	0.940151	cu08_p2r4I12
1428441	1805403	0.791203	cu08_p2r4I14
1395715	1805403	0.773077	cu08_p2r4I16
1566190	1805403	0.867502	cu08_p2r4I18
1657107	1805403	0.91786	cu08_p2r4I24
1545841	1805403	0.85623	cu08_p2r4I6
1729708	1805403	0.958073	cu08_p2r4I8
1737496	1805403	0.962387	cu08_p2r4J10
1570084	1805403	0.869658	cu08_p2r4J16
1756095	1805403	0.972689	cu08_p2r4J18
1600952	1805403	0.886756	cu08_p2r4J20
1259548	1805403	0.697655	cu08_p2r4J22
1695677	1805403	0.939224	cu08_p2r4J24
1337134	1805403	0.740629	cu08_p2r4J2
1316839	1805403	0.729388	cu08_p2r4J6
1386090	1805403	0.767745	cu08_p2r4J8
1474214	1805403	0.816557	cu08_p2r4K12
1424134	1805403	0.788818	cu08_p2r4K14
1562459	1805403	0.865435	cu08_p2r4K16
1190184	1805403	0.659235	cu08_p2r4K18
1230812	1805403	0.681738	cu08_p2r4K20
1551894	1805403	0.859583	cu08_p2r4K22
1337071	1805403	0.740594	cu08_p2r4K4
1608917	1805403	0.891168	cu08_p2r4K6
1682904	1805403	0.932149	cu08_p2r4L10
1655694	1805403	0.917077	cu08_p2r4L12
1173488	1805403	0.649987	cu08_p2r4L14
1506726	1805403	0.834565	cu08_p2r4L16
1207086	1805403	0.668596	cu08_p2r4L18
1570675	1805403	0.869986	cu08_p2r4L20
1517586	1805403	0.84058	cu08_p2r4L22
1327820	1805403	0.73547	cu08_p2r4L24
1621080	1805403	0.897905	cu08_p2r4L2
1366894	1805403	0.757113	cu08_p2r4L4
1632803	1805403	0.904398	cu08_p2r4L6
1769114	1805403	0.9799	cu08_p2r4L8
1357503	1805403	0.751911	cu08_p2r4M10
1370281	1805403	0.758989	cu08_p2r4M14
1512571	1805403	0.837802	cu08_p2r4M18
1753322	1805403	0.971153	cu08_p2r4M20
1348612	1805403	0.746987	cu08_p2r4M22
1635130	1805403	0.905687	cu08_p2r4M4
1328152	1805403	0.735654	cu08_p2r4N10
1491780	1805403	0.826286	cu08_p2r4N14
1641886	1805403	0.909429	cu08_p2r4N16
1378512	1805403	0.763548	cu08_p2r4N2
1695759	1805403	0.939269	cu08_p2r4N4
1495358	1805403	0.828268	cu08_p2r4N6
1211070	1805403	0.670803	cu08_p2r4N8
1328624	1805403	0.735915	cu08_p2r4O10
1759583	1805403	0.974621	cu08_p2r4O12
1318568	1805403	0.730346	cu08_p2r4O16
1337931	1805403	0.741071	cu08_p2r4O18
1730563	1805403	0.958547	cu08_p2r4O22
1149724	1805403	0.636824	cu08_p2r4O2
1431628	1805403	0.792969	cu08_p2r4O4
1768855	1805403	0.979756	cu08_p2r4O6
1252730	1805403	0.693878	cu08_p2r4O8
1306233	1805403	0.723513	cu08_p2r4P12
1729951	1805403	0.958208	cu08_p2r4P14
1402495	1805403	0.776832	cu08_p2r4P16
1617033	1805403	0.895663	cu08_p2r4P18
1685680	1805403	0.933686	cu08_p2r4P22
1455982	1805403	0.806458	cu08_p2r4P2
1303637	1805403	0.722075	cu08_p2r4P6
1209940	1805403	0.670177	cu08_p2r4P8
1718840	1805403	0.952053	cu08_p3r1A13
1532063	1805403	0.848599	cu08_p3r1A15
1548925	1805403	0.857939	cu08_p3r1A17
1578476	1805403	0.874307	cu08_p3r1A19
1672367	1805403	0.926312	cu08_p3r1A1
1589842	1805403	0.880602	cu08_p3r1A21
1747253	1805403	0.967791	cu08_p3r1A23
1604058	1805403	0.888476	cu08_p3r1A5
1488675	1805403	0.824567	cu08_p3r1A7
1286399	1805403	0.712527	cu08_p3r1B11
1267368	1805403	0.701986	cu08_p3r1B13
1628140	1805403	0.901815	cu08_p3r1B17
1702365	1805403	0.942928	cu08_p3r1B19
1531948	1805403	0.848535	cu08_p3r1B21
1310117	1805403	0.725665	cu08_p3r1B23
1604276	1805403	0.888597	cu08_p3r1B5
1619290	1805403	0.896913	cu08_p3r1B9
1767837	1805403	0.979192	cu08_p3r1C11
1234728	1805403	0.683907	cu08_p3r1C13
1413770	1805403	0.783077	cu08_p3r1C17
1749162	1805403	0.968849	cu08_p3r1C19
1366359	1805403	0.756817	cu08_p3r1C1
1753212	1805403	0.971092	cu08_p3r1C21
1515186	1805403	0.839251	cu08_p3r1C3
1337785	1805403	0.74099	cu08_p3r1C5
1666697	1805403	0.923172	cu08_p3r1C7
1617936	1805403	0.896163	cu08_p3r1C9
1370223	1805403	0.758957	cu08_p3r1D11
1355733	1805403	0.750931	cu08_p3r1D13
1511593	1805403	0.837261	cu08_p3r1D15
1202617	1805403	0.666121	cu08_p3r1D17
1635915	1805403	0.906122	cu08_p3r1D19
1569027	1805403	0.869073	cu08_p3r1D21
1512060	1805403	0.837519	cu08_p3r1D3
1251448	1805403	0.693168	cu08_p3r1D5
1418236	1805403	0.785551	cu08_p3r1D7
1672894	1805403	0.926604	cu08_p3r1D9
1721450	1805403	0.953499	cu08_p3r1E11
1555947	1805403	0.861828	cu08_p3r1E13
1398346	1805403	0.774534	cu08_p3r1E15
1667875	1805403	0.923824	cu08_p3r1E19
1260445	1805403	0.698152	cu08_p3r1E1
1440221	1805403	0.797728	cu08_p3r1E21
1372666	1805403	0.76031	cu08_p3r1E23
1659049	1805403	0.918936	cu08_p3r1E3
1764953	1805403	0.977595	cu08_p3r1E5
1472165	1805403	0.815422	cu08_p3r1E7
1468354	1805403	0.813311	cu08_p3r1E9
1326382	1805403	0.734674	cu08_p3r1F11
1769863	1805403	0.980315	cu08_p3r1F13
1569763	1805403	0.869481	cu08_p3r1F15
1730644	1805403	0.958592	cu08_p3r1F17
1705775	1805403	0.944817	cu08_p3r1F1
1749253	1805403	0.968899	cu08_p3r1F21
1549657	1805403	0.858344	cu08_p3r1F3
1546766	1805403	0.856743	cu08_p3r1F7
1708452	1805403	0.9463	cu08_p3r1F9
1334756	1805403	0.739312	cu08_p3r1G11
1774558	1805403	0.982915	cu08_p3r1G13
1391701	1805403	0.770853	cu08_p3r1G15
1752728	1805403	0.970824	cu08_p3r1G17
1641058	1805403	0.90897	cu08_p3r1G19
1689932	1805403	0.936041	cu08_p3r1G1
1635999	1805403	0.906168	cu08_p3r1G21
1264232	1805403	0.700249	cu08_p3r1G23
1630523	1805403	0.903135	cu08_p3r1G3
1744324	1805403	0.966169	cu08_p3r1G5
1712973	1805403	0.948804	cu08_p3r1G7
1194607	1805403	0.661684	cu08_p3r1H13
1659139	1805403	0.918985	cu08_p3r1H15
1689098	1805403	0.935579	cu08_p3r1H19
1364453	1805403	0.755761	cu08_p3r1H1
1703248	1805403	0.943417	cu08_p3r1H21
1692363	1805403	0.937388	cu08_p3r1H23
1589171	1805403	0.880231	cu08_p3r1H3
1372291	1805403	0.760102	cu08_p3r1H5
1611691	1805403	0.892704	cu08_p3r1H7
1727572	1805403	0.95689	cu08_p3r1H9
1549463	1805403	0.858237	cu08_p3r2A10
1339567	1805403	0.741977	cu08_p3r2A12
1544203	1805403	0.855323	cu08_p3r2A14
1340050	1805403	0.742244	cu08_p3r2A16
1704890	1805403	0.944327	cu08_p3r2A18
1686137	1805403	0.933939	cu08_p3r2A20
1719144	1805403	0.952222	cu08_p3r2A22
1621640	1805403	0.898215	cu08_p3r2A6
1333925	1805403	0.738852	cu08_p3r2A8
1622312	1805403	0.898587	cu08_p3r2B10
1568676	1805403	0.868879	cu08_p3r2B16
1732143	1805403	0.959422	cu08_p3r2B22
1313901	1805403	0.727761	cu08_p3r2B6
1348904	1805403	0.747148	cu08_p3r2B8
1215931	1805403	0.673496	cu08_p3r2C10
1265513	1805403	0.700959	cu08_p3r2C12
1361640	1805403	0.754203	cu08_p3r2C14
1250804	1805403	0.692812	cu08_p3r2C22
1442866	1805403	0.799193	cu08_p3r2C24
1527980	1805403	0.846337	cu08_p3r2C2
1719964	1805403	0.952676	cu08_p3r2C4
1554895	1805403	0.861245	cu08_p3r2C6
1343613	1805403	0.744218	cu08_p3r2C8
1303901	1805403	0.722222	cu08_p3r2D10
1314742	1805403	0.728226	cu08_p3r2D12
1695954	1805403	0.939377	cu08_p3r2D14
1412667	1805403	0.782466	cu08_p3r2D16
1709890	1805403	0.947096	cu08_p3r2D18
1450833	1805403	0.803606	cu08_p3r2D22
1719634	1805403	0.952493	cu08_p3r2D6
1484862	1805403	0.822455	cu08_p3r2D8
1315111	1805403	0.728431	cu08_p3r2E10
1576074	1805403	0.872976	cu08_p3r2E12
1624930	1805403	0.900037	cu08_p3r2E14
1724694	1805403	0.955296	cu08_p3r2E20
1752785	1805403	0.970855	cu08_p3r2E22
1410254	1805403	0.78113	cu08_p3r2E2
1310181	1805403	0.7257	cu08_p3r2E4
1494311	1805403	0.827688	cu08_p3r2E6
1750812	1805403	0.969762	cu08_p3r2E8
1660456	1805403	0.919715	cu08_p3r2F10
1487684	1805403	0.824018	cu08_p3r2F14
1719054	1805403	0.952172	cu08_p3r2F16
1736235	1805403	0.961688	cu08_p3r2F18
1789955	1805403	0.991443	cu08_p3r2F20
1757538	1805403	0.973488	cu08_p3r2F22
1717026	1805403	0.951049	cu08_p3r2F2
1375683	1805403	0.761981	cu08_p3r2F6
1413043	1805403	0.782675	cu08_p3r2F8
1761094	1805403	0.975458	cu08_p3r2G12
1732309	1805403	0.959514	cu08_p3r2G14
1631573	1805403	0.903717	cu08_p3r2G16
1651334	1805403	0.914662	cu08_p3r2G18
1588896	1805403	0.880078	cu08_p3r2G20
1739695	1805403	0.963605	cu08_p3r2G22
1261211	1805403	0.698576	cu08_p3r2G24
1771530	1805403	0.981238	cu08_p3r2G4
1286778	1805403	0.712737	cu08_p3r2G8
1685472	1805403	0.933571	cu08_p3r2H10
1671311	1805403	0.925727	cu08_p3r2H12
1583649	1805403	0.877172	cu08_p3r2H14
1702697	1805403	0.943112	cu08_p3r2H16
1666399	1805403	0.923007	cu08_p3r2H20
1749154	1805403	0.968844	cu08_p3r2H24
1635006	1805403	0.905618	cu08_p3r2H2
1753594	1805403	0.971303	cu08_p3r2H4
1686769	1805403	0.934289	cu08_p3r2H8
1741513	1805403	0.964612	cu08_p3r3I15
1745037	1805403	0.966564	cu08_p3r3I17
1617850	1805403	0.896116	cu08_p3r3I19
1699707	1805403	0.941456	cu08_p3r3I1
1666366	1805403	0.922988	cu08_p3r3I21
1690934	1805403	0.936596	cu08_p3r3I23
1781516	1805403	0.986769	cu08_p3r3I3
1464676	1805403	0.811274	cu08_p3r3I5
1304765	1805403	0.7227	cu08_p3r3I7
1752203	1805403	0.970533	cu08_p3r3I9
1711619	1805403	0.948054	cu08_p3r3J11
1709335	1805403	0.946789	cu08_p3r3J13
1334326	1805403	0.739074	cu08_p3r3J15
1399831	1805403	0.775357	cu08_p3r3J17
1412381	1805403	0.782308	cu08_p3r3J1
1732822	1805403	0.959798	cu08_p3r3J21
1711323	1805403	0.94789	cu08_p3r3J3
1496482	1805403	0.828891	cu08_p3r3J7
1267699	1805403	0.70217	cu08_p3r3J9
1516498	1805403	0.839978	cu08_p3r3K15
1346526	1805403	0.745831	cu08_p3r3K17
1456514	1805403	0.806753	cu08_p3r3K19
1411519	1805403	0.78183	cu08_p3r3K1
1717765	1805403	0.951458	cu08_p3r3K21
1737304	1805403	0.96228	cu08_p3r3K23
1338322	1805403	0.741287	cu08_p3r3K3
1722357	1805403	0.954001	cu08_p3r3K5
1646910	1805403	0.912212	cu08_p3r3K7
1660380	1805403	0.919673	cu08_p3r3K9
1756624	1805403	0.972982	cu08_p3r3L11
1344225	1805403	0.744557	cu08_p3r3L13
1340585	1805403	0.742541	cu08_p3r3L15
1707770	1805403	0.945922	cu08_p3r3L17
1594314	1805403	0.883079	cu08_p3r3L21
1249070	1805403	0.691851	cu08_p3r3L23
1748426	1805403	0.968441	cu08_p3r3L3
1546215	1805403	0.856438	cu08_p3r3L5
1515174	1805403	0.839244	cu08_p3r3L7
1520634	1805403	0.842268	cu08_p3r3M11
1687738	1805403	0.934826	cu08_p3r3M13
1636074	1805403	0.90621	cu08_p3r3M15
1353833	1805403	0.749879	cu08_p3r3M19
1674255	1805403	0.927358	cu08_p3r3M21
1479083	1805403	0.819254	cu08_p3r3M23
1352445	1805403	0.74911	cu08_p3r3M3
1404858	1805403	0.778141	cu08_p3r3M5
1604534	1805403	0.88874	cu08_p3r3M7
1736893	1805403	0.962053	cu08_p3r3M9
1500119	1805403	0.830905	cu08_p3r3N11
1375188	1805403	0.761707	cu08_p3r3N17
1378841	1805403	0.76373	cu08_p3r3N19
1536085	1805403	0.850827	cu08_p3r3N1
1577473	1805403	0.873751	cu08_p3r3N21
1260242	1805403	0.698039	cu08_p3r3N23
1400614	1805403	0.77579	cu08_p3r3N3
1653813	1805403	0.916035	cu08_p3r3N5
1333273	1805403	0.738491	cu08_p3r3N7
1748039	1805403	0.968226	cu08_p3r3O11
1494616	1805403	0.827857	cu08_p3r3O13
1301419	1805403	0.720847	cu08_p3r3O17
1710499	1805403	0.947433	cu08_p3r3O19
1496508	1805403	0.828905	cu08_p3r3O1
1498090	1805403	0.829781	cu08_p3r3O3
1607263	1805403	0.890252	cu08_p3r3O5
1690357	1805403	0.936277	cu08_p3r3O7
1738533	1805403	0.962961	cu08_p3r3O9
1302372	1805403	0.721375	cu08_p3r3P17
1310452	1805403	0.72585	cu08_p3r3P19
1727724	1805403	0.956974	cu08_p3r3P9
1682476	1805403	0.931912	cu08_p3r4I10
1707502	1805403	0.945773	cu08_p3r4I12
1671315	1805403	0.92573	cu08_p3r4I14
1556492	1805403	0.86213	cu08_p3r4I16
1710312	1805403	0.94733	cu08_p3r4I18
1697326	1805403	0.940137	cu08_p3r4I20
1770244	1805403	0.980526	cu08_p3r4I2
1665263	1805403	0.922377	cu08_p3r4I4
1676024	1805403	0.928338	cu08_p3r4I6
1745172	1805403	0.966638	cu08_p3r4J10
1433802	1805403	0.794173	cu08_p3r4J12
1721605	1805403	0.953585	cu08_p3r4J14
1640094	1805403	0.908437	cu08_p3r4J16
1732776	1805403	0.959772	cu08_p3r4J18
1370107	1805403	0.758893	cu08_p3r4J20
1673382	1805403	0.926874	cu08_p3r4J22
1741626	1805403	0.964674	cu08_p3r4J24
1584778	1805403	0.877797	cu08_p3r4J4
1676716	1805403	0.928721	cu08_p3r4J8
1315245	1805403	0.728505	cu08_p3r4K10
1637865	1805403	0.907202	cu08_p3r4K14
1341172	1805403	0.742866	cu08_p3r4K16
1702285	1805403	0.942884	cu08_p3r4K18
1420339	1805403	0.786716	cu08_p3r4K22
1730745	1805403	0.958647	cu08_p3r4K24
1734063	1805403	0.960485	cu08_p3r4K2
1433199	1805403	0.793839	cu08_p3r4K4
1520315	1805403	0.842092	cu08_p3r4K6
1668613	1805403	0.924233	cu08_p3r4K8
1766966	1805403	0.97871	cu08_p3r4L10
1320628	1805403	0.731487	cu08_p3r4L12
1477478	1805403	0.818365	cu08_p3r4L14
1465885	1805403	0.811943	cu08_p3r4L20
1290786	1805403	0.714957	cu08_p3r4L22
1772392	1805403	0.981715	cu08_p3r4L24
1641033	1805403	0.908957	cu08_p3r4L2
1727733	1805403	0.956979	cu08_p3r4L4
1754634	1805403	0.971879	cu08_p3r4L8
1761293	1805403	0.975568	cu08_p3r4M10
1668619	1805403	0.924236	cu08_p3r4M12
1316636	1805403	0.729275	cu08_p3r4M14
1767595	1805403	0.979058	cu08_p3r4M16
1763282	1805403	0.976669	cu08_p3r4M18
1348490	1805403	0.746919	cu08_p3r4M20
1645181	1805403	0.911254	cu08_p3r4M2
1768178	1805403	0.979381	cu08_p3r4M6
1758083	1805403	0.97379	cu08_p3r4M8
1747365	1805403	0.967853	cu08_p3r4N10
1772971	1805403	0.982036	cu08_p3r4N12
1523627	1805403	0.843926	cu08_p3r4N14
1590283	1805403	0.880847	cu08_p3r4N18
1423469	1805403	0.788449	cu08_p3r4N22
1748174	1805403	0.968301	cu08_p3r4N4
1576115	1805403	0.872999	cu08_p3r4N6
1500228	1805403	0.830966	cu08_p3r4O10
1548974	1805403	0.857966	cu08_p3r4O12
1450274	1805403	0.803297	cu08_p3r4O14
1414988	1805403	0.783752	cu08_p3r4O18
1614513	1805403	0.894267	cu08_p3r4O22
1553125	1805403	0.860265	cu08_p3r4O2
1686992	1805403	0.934413	cu08_p3r4O4
1719403	1805403	0.952365	cu08_p3r4P14
1665563	1805403	0.922544	cu08_p3r4P16
1719845	1805403	0.95261	cu08_p3r4P8
